9162983937
9600211470
9138267536
9537537369
9175703405
9303567099
9118452510
9529948304
9126864000
9880594252
9034328333
9522222999
9271570757
9524889372
9954505005
9778816193
9044430346
9506312061
9025638034
9877052572
9538144344
9539644656
9867361014
9131950901
9872207620
9777408201
9605089900
9600414802
9004040145
9226640155
9615507456
9260021000
9172024602
9876095851
9272801211
9195472730
9628849561
9676814431
9182715621
9199424683
9171384217
9055816627
9104266686
9178088949
9502083045
9522020070
9173291489
9153215004
9778800408
9629609649
9104469439
9195276075
9206970748
9183850851
9138676777
9178720754
9275605050
9256664245
9050618105
9152256669
9152313393
9110000112
9086644996
9276245462
9833226465
9159690053
9088835147
9825352909
9955527466
9656231363
9519109883
9143303325
9099227428
9049948620
9870406647
9884070235
9011497138
9149396834
9163001616
9393094512
9157100039
9884100441
9522773800
9024825801
9083034198
9326032222
9042424564
9180410031
9609840197
9504385934
9874226933
9629787656
9028695386
9378455081
9520552119
9143227897
9297666076
9144119926
9822213102
9046305111
9524674662
9510730781
9826347377
9923125091
9825378970
9123696869
9997712233
9818047666
9159890484
9278106111
9139691500
9184829406
9620659000
9612869122
9814306412
9513982315
9067280636
9853481252
9515573283
9003337272
9139524099
9521571344
9193946568
9090978998
9154383915
9527373453
9192707391
9826303599
9236208800
9237731460
9293992555
9673371057
9651920286
9042407581
9502771227
9167407652
9095114241
9144508138
9030904365
9025075222
9194606785
9204499344
9097084222
9254401226
9177710017
9146554131
9243529592
9506305311
9003270393
9991990827
9619541000
9951340555
9182504360
9080191025
9088778182
9852284449
9627271669
9114954525
9618914199
9307130892
9020528332
9025812725
9517682811
9654045277
9114108567
9030006687
9956041205
9054848213
9081428506
9200232686
9511296666
9859122155
9805648119
9274004403
9655910751
9529398285
9160257886
9158447396
9139119851
9043632156
9035900408
9208509577
9950320047
9164976960
9939470168
9999725642
9206556956
9096314139
9168324551
9312117737
9651216580
9280060851
9142001102
9959105529
9511144463
9688461694
9043447434
9526960377
9502124820
9952096734
9138950676
9831784227
9990314472
9043357562
9033677147
9600733565
9602474471
9104445522
9112736330
9134472919
9099515991
9160983111
9300142586
9514147015
9024932801
9080734723
9021308934
9535157143
9267368006
9132410689
9137176854
9774461739
9825244553
9166648984
9124501298
9825545324
9656770107
9181684459
9191640860
9502187821
9050031943
9202044767
9681174190
9125049959
9501163431
9040004819
9511162824
9033741808
9169160645
9124178744
9037186830
9060866544
9535933360
9104381733
9095641623
9535973989
9222668833
9177299530
9149265775
9990020253
9516989988
9175302156
9535806025
9241248019
9164363884
9857477002
9323080990
9822836809
9991570948
9505358200
9505814478
9831503223
9032977292
9963259076
9857374241
9817640856
9871629820
9050690060
9852737190
9185299782
9219033185
9160855575
9275557103
9155499676
9998886786
9516905844
9094582613
9063001024
9923333768
9653621637
9635088539
9089423519
9111249433
9526705485
9776302960
9841143072
9172053670
9181381967
9500595744
9603919111
9035265607
9080127303
9049113331
9082347385
9125036736
9128734130
9512223855
9841842825
9041013715
9088684149
9177413374
9111933305
9510966509
9777605715
9052624222
9991375088
9606352524
9859777717
9992073199
9200001288
9509939594
9152472532
9504832888
9854457347